1319124821
1319125672
1319126523
1319127374
1319128225
1319129076
1319129927
1319130778
1319131629
1319132480
1319133331
1319134182
1319135033
1319135884
1319136735
1319137586
1319138437
1319139288
1319140139
1319140990
1319141841
1319142692
1319143543
1319144394
1319145245
1319146096
1319146947
1319147798
1319148649
1319149500
1319150351
1319151202
1319152053
1319152904
1319153755
1319154606
1319155457
1319156308
1319157159
1319158010
1319158861
1319159712
1319160563
1319161414
1319162265
1319163116
1319163967
1319164818
1319165669
1319166520
1321373163
1321374014
1321374865
1321375716
1321376567
1321377418
1321378269
1321379120
1321379971
1321380822
1321381673
1321382524
1321383375
1321384226
1321385077
1321385928
1321386779
1321387630
1321388481
1321389332
1321390183
1321391034
1321391885
1321392736
1321393587
1321394438
1321395289
1321396140
1321396991
1321397842
1321398693
1321399544
1321400395
1321401246
1321402097
1321402948
1321403799
1321404650
1321405501
1321406352
1321407203
1321408054
1321408905
1321409756
1321410607
1325320101
1325320952
1325321803
1325322654
1325323505
1325324356
1325325207
1325326058
1325326909
1325327760
1325328611
1325329462
1325330313
1325331164
1325332015
1325332866
1325333717
1325334568
1325335419
1325336270
1325337121
1325337972
1325338823
1325339674
1325340525
1325341376
1325342227
1325343078
1325343929
1325344780
1325345631
1325346482
1325347333
1325348184
1325349035
1325349886
1325350737
1325351588
1325352439
1325353290
1325354141
1325354992
1325355843
1325356694
1325357545
1325358396
1325359247
1325360098
1325360949
1325361800
1336354167
1336355018
1336355869
1336356720
1336357571
1336358422
1336359273
1336360124
1336360975
1336361826
1336362677
1336363528
1336364379
1336365230
1336366081
1336366932
1336367783
1336368634
1336369485
1336370336
1336371187
1336372038
1336372889
1336373740
1336374591
1336375442
1336376293
1336377144
1336377995
1336378846
1336379697
1336380548
1336381399
1336382250
1336383101
1336383952
1336384803
1336385654
1336386505
1336387356
1336388207
1336389058
1336389909
1336390760
1336391611
1336392462
1336393313
1336394164
1336395015
1336395866
1336396717
1336397568
1336398419
1336399270
1336400121
1336400972
1336402674
1336403525
1336404376
1336405227
1336406078
1336406929
1336407780
1336408631
1336409482
1336410333
1336411184
1336412035
1336412886
1340444924
1340445775
1340446626
1340447477
1340448328
1340449179
1340450030
1340450881
1340451732
1340452583
1340453434
1340454285
1340455136
1340455987
1340456838
1340457689
1340458540
1340459391
1340460242
1340461093
1340461944
1340462795
1340463646
1340464497
1340465348
1340466199
1340467050
1340467901
1340468752
1340469603
1340470454
1340471305
1340472156
1340473007
1340473858
1340474709